ab    1	-1	ba    1	0aa    0	0	bb    0	0
t_a	2.63865	t_b	4.20263
kabin  0.145246  kabout	0.883	 kbain	0.251594	kbaout	0.907239	kaain  0.263002	 kaaout	0.632383	 kbbin	0.379395	kbbout	0.451922	nabin  2.04457  nabout	3.67014	 nbain	2.90116	nbaout	3.54424	naain  2.45189	 naaout	2.88947	 nbbin	2.51565	nbbout	2.31032	alpha	0.123256beta  1.2811
初始值:	0
A:
0.980991	0.980991	0.980991	0.980991	0.980991	0.980991	0.980991	0.980991	0.981019	-7.85991e-14	0.981019	0.980991	0.980991	0.980991	0.980991	0.980991	0.980991	0.980991	0.980991	0.980991	
0.980991	0.980991	0.980991	0.980991	0.980991	0.980991	0.980991	0.980991	0.980991	0.981015	0.980991	0.980991	0.980991	0.980991	0.980991	0.980991	0.980991	0.980991	0.980991	0.980991	
0.980991	0.980991	0.980991	0.980991	0.980991	0.980991	0.980991	0.980991	0.980991	0.980991	0.980991	0.980991	0.980991	0.980991	0.980991	0.980991	0.980991	0.980991	0.980991	0.980991	
0.980991	0.980991	0.980991	0.980991	0.980991	0.980991	0.980991	0.980991	0.980991	0.980991	0.980991	0.980991	0.980991	0.980991	0.980991	0.980991	0.980991	0.980991	0.981015	0.980991	
0.980991	0.980991	0.980991	0.980991	0.980991	0.980991	0.980991	0.980991	0.980991	0.980991	0.980991	0.980991	0.980991	0.980991	0.980991	0.980991	0.980991	0.981015	-2.6667e-13	0.981019	
0.980991	0.980991	0.980991	0.980991	0.980991	0.980991	0.980991	0.980991	0.980991	0.980991	0.980991	0.980991	0.980991	0.980991	0.980991	0.980991	0.980991	0.980991	0.981015	0.980991	
0.980991	0.980991	0.980991	0.980991	0.980991	0.980991	0.980991	0.980991	0.980991	0.980991	0.980991	0.980991	0.980991	0.980991	0.980991	0.980991	0.980991	0.980991	0.980991	0.980991	
0.980991	0.980991	0.980991	0.980991	0.980991	0.980991	0.981015	0.980991	0.980991	0.980991	0.980991	0.980991	0.980991	0.980991	0.980991	0.980991	0.980991	0.980991	0.980991	0.980991	
0.980991	0.980991	0.980991	0.980991	0.980991	0.981015	-6.98139e-14	0.981015	0.980991	0.980991	0.980991	0.980991	0.980991	0.980991	0.980991	0.980991	0.980991	0.980991	0.980991	0.980991	
0.980991	0.980991	0.980991	0.980991	0.980991	0.980991	0.981015	0.980991	0.980991	0.980991	0.980991	0.980991	0.980991	0.980991	0.980991	0.980991	0.980991	0.980991	0.980991	0.980991	
0.980991	0.980991	0.980991	0.980991	0.980991	0.980991	0.980991	0.980991	0.980991	0.980991	0.980991	0.980991	0.980991	0.980991	0.980991	0.980991	0.980991	0.980991	0.980991	0.980991	
0.980991	0.980991	0.980991	0.980991	0.980991	0.980991	0.980991	0.980991	0.980991	0.980991	0.980991	0.980991	0.980991	0.980991	0.980991	0.980991	0.980991	0.980991	0.980991	0.980991	
0.980991	0.980991	0.980991	0.980991	0.980991	0.980991	0.980991	0.980991	0.980991	0.980991	0.980991	0.980991	0.980991	0.980991	0.980991	0.980991	0.980991	0.980991	0.980991	0.980991	
0.980991	0.980991	0.980991	0.980991	0.980991	0.980991	0.980991	0.980991	0.980991	0.980991	0.980991	0.980991	0.980991	0.980991	0.980991	0.980991	0.980991	0.980991	0.980991	0.980991	
0.980991	0.980991	0.980991	0.980991	0.980991	0.980991	0.980991	0.980991	0.980991	0.980991	0.980991	0.980991	0.980991	0.980991	0.980991	0.980991	0.980991	0.980991	0.980991	0.980991	
0.980991	0.980991	0.980991	0.980991	0.980991	0.980991	0.980991	0.980991	0.980991	0.980991	0.980991	0.980991	0.980991	0.980991	0.980991	0.980991	0.980991	0.980991	0.980991	0.980991	
0.980991	0.980991	0.980991	0.980991	0.980991	0.980991	0.980991	0.980991	0.980991	0.980991	0.980991	0.980991	0.980991	0.980991	0.980991	0.980991	0.980991	0.980991	0.980991	0.980991	
0.980991	0.980991	0.980991	0.980991	0.980991	0.980991	0.980991	0.980991	0.980991	0.980991	0.980991	0.980991	0.980991	0.980991	0.980991	0.980991	0.980991	0.980991	0.980991	0.980991	
0.980991	0.980991	0.980991	0.980991	0.980991	0.980991	0.980991	0.980991	0.980991	0.980991	0.980991	0.980991	0.980991	0.980991	0.980991	0.980991	0.980991	0.980991	0.980991	0.980991	
0.980991	0.980991	0.980991	0.980991	0.980991	0.980991	0.980991	0.980991	0.980991	0.980991	0.980991	0.980991	0.980991	0.980991	0.980991	0.980991	0.980991	0.980991	0.980991	0.980991	
B:
0.979601	0.979601	0.979601	0.979601	0.979601	0.979601	0.979601	0.979601	0.980116	2.73192e-17	0.980116	0.979601	0.979601	0.979601	0.979601	0.979601	0.979601	0.979601	0.979601	0.979601	
0.979601	0.979601	0.979601	0.979601	0.979601	0.979601	0.979601	0.979601	0.979601	0.980034	0.979601	0.979601	0.979601	0.979601	0.979601	0.979601	0.979601	0.979601	0.979601	0.979601	
0.979601	0.979601	0.979601	0.979601	0.979601	0.979601	0.979601	0.979601	0.979601	0.979601	0.979601	0.979601	0.979601	0.979601	0.979601	0.979601	0.979601	0.979601	0.979601	0.979601	
0.979601	0.979601	0.979601	0.979601	0.979601	0.979601	0.979601	0.979601	0.979601	0.979601	0.979601	0.979601	0.979601	0.979601	0.979601	0.979601	0.979601	0.979601	0.980034	0.979601	
0.979601	0.979601	0.979601	0.979601	0.979601	0.979601	0.979601	0.979601	0.979601	0.979601	0.979601	0.979601	0.979601	0.979601	0.979601	0.979601	0.979601	0.980034	2.73192e-17	0.980116	
0.979601	0.979601	0.979601	0.979601	0.979601	0.979601	0.979601	0.979601	0.979601	0.979601	0.979601	0.979601	0.979601	0.979601	0.979601	0.979601	0.979601	0.979601	0.980034	0.979601	
0.979601	0.979601	0.979601	0.979601	0.979601	0.979601	0.979601	0.979601	0.979601	0.979601	0.979601	0.979601	0.979601	0.979601	0.979601	0.979601	0.979601	0.979601	0.979601	0.979601	
0.979601	0.979601	0.979601	0.979601	0.979601	0.979601	0.980034	0.979601	0.979601	0.979601	0.979601	0.979601	0.979601	0.979601	0.979601	0.979601	0.979601	0.979601	0.979601	0.979601	
0.979601	0.979601	0.979601	0.979601	0.979601	0.980034	2.73192e-17	0.980034	0.979601	0.979601	0.979601	0.979601	0.979601	0.979601	0.979601	0.979601	0.979601	0.979601	0.979601	0.979601	
0.979601	0.979601	0.979601	0.979601	0.979601	0.979601	0.980034	0.979601	0.979601	0.979601	0.979601	0.979601	0.979601	0.979601	0.979601	0.979601	0.979601	0.979601	0.979601	0.979601	
0.979601	0.979601	0.979601	0.979601	0.979601	0.979601	0.979601	0.979601	0.979601	0.979601	0.979601	0.979601	0.979601	0.979601	0.979601	0.979601	0.979601	0.979601	0.979601	0.979601	
0.979601	0.979601	0.979601	0.979601	0.979601	0.979601	0.979601	0.979601	0.979601	0.979601	0.979601	0.979601	0.979601	0.979601	0.979601	0.979601	0.979601	0.979601	0.979601	0.979601	
0.979601	0.979601	0.979601	0.979601	0.979601	0.979601	0.979601	0.979601	0.979601	0.979601	0.979601	0.979601	0.979601	0.979601	0.979601	0.979601	0.979601	0.979601	0.979601	0.979601	
0.979601	0.979601	0.979601	0.979601	0.979601	0.979601	0.979601	0.979601	0.979601	0.979601	0.979601	0.979601	0.979601	0.979601	0.979601	0.979601	0.979601	0.979601	0.979601	0.979601	
0.979601	0.979601	0.979601	0.979601	0.979601	0.979601	0.979601	0.979601	0.979601	0.979601	0.979601	0.979601	0.979601	0.979601	0.979601	0.979601	0.979601	0.979601	0.979601	0.979601	
0.979601	0.979601	0.979601	0.979601	0.979601	0.979601	0.979601	0.979601	0.979601	0.979601	0.979601	0.979601	0.979601	0.979601	0.979601	0.979601	0.979601	0.979601	0.979601	0.979601	
0.979601	0.979601	0.979601	0.979601	0.979601	0.979601	0.979601	0.979601	0.979601	0.979601	0.979601	0.979601	0.979601	0.979601	0.979601	0.979601	0.979601	0.979601	0.979601	0.979601	
0.979601	0.979601	0.979601	0.979601	0.979601	0.979601	0.979601	0.979601	0.979601	0.979601	0.979601	0.979601	0.979601	0.979601	0.979601	0.979601	0.979601	0.979601	0.979601	0.979601	
0.979601	0.979601	0.979601	0.979601	0.979601	0.979601	0.979601	0.979601	0.979601	0.979601	0.979601	0.979601	0.979601	0.979601	0.979601	0.979601	0.979601	0.979601	0.979601	0.979601	
0.979601	0.979601	0.979601	0.979601	0.979601	0.979601	0.979601	0.979601	0.979601	0.979601	0.979601	0.979601	0.979601	0.979601	0.979601	0.979601	0.979601	0.979601	0.979601	0.979601	
