ab    -1	-1	ba    0	1aa    0	0	bb    0	0
t_a	2.63865	t_b	4.20263
kabin  0.145246  kabout	0.883	 kbain	0.251594	kbaout	0.907239	kaain  0.263002	 kaaout	0.632383	 kbbin	0.379395	kbbout	0.451922	nabin  2.04457  nabout	3.67014	 nbain	2.90116	nbaout	3.54424	naain  2.45189	 naaout	2.88947	 nbbin	2.51565	nbbout	2.31032	alpha	0.123256beta  1.2811
初始值:	0
A:
0.585412	0.000114246	0.585412	0.000114246	0.585412	0.000114246	0.585412	0.000114246	0.585412	0.000114246	0.585412	0.000114246	0.585412	0.000114246	0.585412	0.000114246	0.585412	0.000114246	0.585412	0.000114246	
0.000114246	0.585412	0.000114246	0.585412	0.000114246	0.585412	0.000114246	0.585412	0.000114246	0.585412	0.000114246	0.585412	0.000114246	0.585412	0.000114246	0.585412	0.000114246	0.585412	0.000114246	0.585412	
0.585412	0.000114246	0.585412	0.000114246	0.585412	0.000114246	0.585412	0.000114246	0.585412	0.000114246	0.585412	0.000114246	0.585412	0.000114246	0.585412	0.000114246	0.585412	0.000114246	0.585412	0.000114246	
0.000114246	0.585412	0.000114246	0.585412	0.000114246	0.585412	0.000114246	0.585412	0.000114246	0.585412	0.000114246	0.585412	0.000114246	0.585412	0.000114246	0.585412	0.000114246	0.585412	0.000114246	0.585412	
0.585412	0.000114246	0.585412	0.000114246	0.585412	0.000114246	0.585412	0.000114246	0.585412	0.000114246	0.585412	0.000114246	0.585412	0.000114246	0.585412	0.000114246	0.585412	0.000114246	0.585412	0.000114246	
0.000114246	0.585412	0.000114246	0.585412	0.000114246	0.585412	0.000114246	0.585412	0.000114246	0.585412	0.000114246	0.585412	0.000114246	0.585412	0.000114246	0.585412	0.000114246	0.585412	0.000114246	0.585412	
0.585412	0.000114246	0.585412	0.000114246	0.585412	0.000114246	0.585412	0.000114246	0.585412	0.000114246	0.585412	0.000114246	0.585412	0.000114246	0.585412	0.000114246	0.585412	0.000114246	0.585412	0.000114246	
0.000114246	0.585412	0.000114246	0.585412	0.000114246	0.585412	0.000114246	0.585412	0.000114246	0.585412	0.000114246	0.585412	0.000114246	0.585412	0.000114246	0.585412	0.000114246	0.585412	0.000114246	0.585412	
0.585412	0.000114246	0.585412	0.000114246	0.585412	0.000114246	0.585412	0.000114246	0.585412	0.000114246	0.585412	0.000114246	0.585412	0.000114246	0.585412	0.000114246	0.585412	0.000114246	0.585412	0.000114246	
0.000114246	0.585412	0.000114246	0.585412	0.000114246	0.585412	0.000114246	0.585412	0.000114246	0.585412	0.000114246	0.585412	0.000114246	0.585412	0.000114246	0.585412	0.000114246	0.585412	0.000114246	0.585412	
0.585412	0.000114246	0.585412	0.000114246	0.585412	0.000114246	0.585412	0.000114246	0.585412	0.000114246	0.585412	0.000114246	0.585412	0.000114246	0.585412	0.000114246	0.585412	0.000114246	0.585412	0.000114246	
0.000114246	0.585412	0.000114246	0.585412	0.000114246	0.585412	0.000114246	0.585412	0.000114246	0.585412	0.000114246	0.585412	0.000114246	0.585412	0.000114246	0.585412	0.000114246	0.585412	0.000114246	0.585412	
0.585412	0.000114246	0.585412	0.000114246	0.585412	0.000114246	0.585412	0.000114246	0.585412	0.000114246	0.585412	0.000114246	0.585412	0.000114246	0.585412	0.000114246	0.585412	0.000114246	0.585412	0.000114246	
0.000114246	0.585412	0.000114246	0.585412	0.000114246	0.585412	0.000114246	0.585412	0.000114246	0.585412	0.000114246	0.585412	0.000114246	0.585412	0.000114246	0.585412	0.000114246	0.585412	0.000114246	0.585412	
0.585412	0.000114246	0.585412	0.000114246	0.585412	0.000114246	0.585412	0.000114246	0.585412	0.000114246	0.585412	0.000114246	0.585412	0.000114246	0.585412	0.000114246	0.585412	0.000114246	0.585412	0.000114246	
0.000114246	0.585412	0.000114246	0.585412	0.000114246	0.585412	0.000114246	0.585412	0.000114246	0.585412	0.000114246	0.585412	0.000114246	0.585412	0.000114246	0.585412	0.000114246	0.585412	0.000114246	0.585412	
0.585412	0.000114246	0.585412	0.000114246	0.585412	0.000114246	0.585412	0.000114246	0.585412	0.000114246	0.585412	0.000114246	0.585412	0.000114246	0.585412	0.000114246	0.585412	0.000114246	0.585412	0.000114246	
0.000114246	0.585412	0.000114246	0.585412	0.000114246	0.585412	0.000114246	0.585412	0.00011426	0.585412	0.000114246	0.585412	0.000114246	0.585412	0.000114246	0.585412	0.000114246	0.585412	0.000114246	0.585412	
0.585412	0.000114246	0.585412	0.000114246	0.585412	0.000114246	0.585412	0.00011428	0.585412	0.000114295	0.585412	0.000114246	0.585412	0.000114246	0.585412	0.000114246	0.585412	0.000114246	0.585412	0.000114246	
0.000114246	0.585412	0.000114246	0.585412	0.000114246	0.585412	0.00011427	0.585412	0.00011435	0.585412	0.000114289	0.585412	0.000114246	0.585412	0.000114246	0.585412	0.000114246	0.585412	0.000114246	0.585412	
B:
0.0546866	0.999898	0.0546866	0.999898	0.0546866	0.999898	0.0546866	0.999898	0.0546866	0.999898	0.0546866	0.999898	0.0546866	0.999898	0.0546866	0.999898	0.0546866	0.999898	0.0546866	0.999898	
0.999898	0.0546866	0.999898	0.0546866	0.999898	0.0546866	0.999898	0.0546866	0.999898	0.0546866	0.999898	0.0546866	0.999898	0.0546866	0.999898	0.0546866	0.999898	0.0546866	0.999898	0.0546866	
0.0546866	0.999898	0.0546866	0.999898	0.0546866	0.999898	0.0546866	0.999898	0.0546866	0.999898	0.0546866	0.999898	0.0546866	0.999898	0.0546866	0.999898	0.0546866	0.999898	0.0546866	0.999898	
0.999898	0.0546866	0.999898	0.0546866	0.999898	0.0546866	0.999898	0.0546866	0.999898	0.0546866	0.999898	0.0546866	0.999898	0.0546866	0.999898	0.0546866	0.999898	0.0546866	0.999898	0.0546866	
0.0546866	0.999898	0.0546866	0.999898	0.0546866	0.999898	0.0546866	0.999898	0.0546866	0.999898	0.0546866	0.999898	0.0546866	0.999898	0.0546866	0.999898	0.0546866	0.999898	0.0546866	0.999898	
0.999898	0.0546866	0.999898	0.0546866	0.999898	0.0546866	0.999898	0.0546866	0.999898	0.0546866	0.999898	0.0546866	0.999898	0.0546866	0.999898	0.0546866	0.999898	0.0546866	0.999898	0.0546866	
0.0546866	0.999898	0.0546866	0.999898	0.0546866	0.999898	0.0546866	0.999898	0.0546866	0.999898	0.0546866	0.999898	0.0546866	0.999898	0.0546866	0.999898	0.0546866	0.999898	0.0546866	0.999898	
0.999898	0.0546866	0.999898	0.0546866	0.999898	0.0546866	0.999898	0.0546866	0.999898	0.0546866	0.999898	0.0546866	0.999898	0.0546866	0.999898	0.0546866	0.999898	0.0546866	0.999898	0.0546866	
0.0546866	0.999898	0.0546866	0.999898	0.0546866	0.999898	0.0546866	0.999898	0.0546866	0.999898	0.0546866	0.999898	0.0546866	0.999898	0.0546866	0.999898	0.0546866	0.999898	0.0546866	0.999898	
0.999898	0.0546866	0.999898	0.0546866	0.999898	0.0546866	0.999898	0.0546866	0.999898	0.0546866	0.999898	0.0546866	0.999898	0.0546866	0.999898	0.0546866	0.999898	0.0546866	0.999898	0.0546866	
0.0546866	0.999898	0.0546866	0.999898	0.0546866	0.999898	0.0546866	0.999898	0.0546866	0.999898	0.0546866	0.999898	0.0546866	0.999898	0.0546866	0.999898	0.0546866	0.999898	0.0546866	0.999898	
0.999898	0.0546866	0.999898	0.0546866	0.999898	0.0546866	0.999898	0.0546866	0.999898	0.0546866	0.999898	0.0546866	0.999898	0.0546866	0.999898	0.0546866	0.999898	0.0546866	0.999898	0.0546866	
0.0546866	0.999898	0.0546866	0.999898	0.0546866	0.999898	0.0546866	0.999898	0.0546866	0.999898	0.0546866	0.999898	0.0546866	0.999898	0.0546866	0.999898	0.0546866	0.999898	0.0546866	0.999898	
0.999898	0.0546866	0.999898	0.0546866	0.999898	0.0546866	0.999898	0.0546866	0.999898	0.0546866	0.999898	0.0546866	0.999898	0.0546866	0.999898	0.0546866	0.999898	0.0546866	0.999898	0.0546866	
0.0546866	0.999898	0.0546866	0.999898	0.0546866	0.999898	0.0546866	0.999898	0.0546866	0.999898	0.0546866	0.999898	0.0546866	0.999898	0.0546866	0.999898	0.0546866	0.999898	0.0546866	0.999898	
0.999898	0.0546866	0.999898	0.0546866	0.999898	0.0546866	0.999898	0.0546866	0.999898	0.0546866	0.999898	0.0546866	0.999898	0.0546866	0.999898	0.0546866	0.999898	0.0546866	0.999898	0.0546866	
0.0546866	0.999898	0.0546866	0.999898	0.0546866	0.999898	0.0546866	0.999898	0.0546866	0.999898	0.0546866	0.999898	0.0546866	0.999898	0.0546866	0.999898	0.0546866	0.999898	0.0546866	0.999898	
0.999898	0.0546866	0.999898	0.0546866	0.999898	0.0546866	0.999898	0.0546866	0.999898	0.0546866	0.999898	0.0546866	0.999898	0.0546866	0.999898	0.0546866	0.999898	0.0546866	0.999898	0.0546866	
0.0546866	0.999898	0.0546866	0.999898	0.0546866	0.999898	0.0546866	0.999898	0.0546866	0.999898	0.0546866	0.999898	0.0546866	0.999898	0.0546866	0.999898	0.0546866	0.999898	0.0546866	0.999898	
0.999898	0.0546866	0.999898	0.0546866	0.999898	0.0546866	0.999898	0.0546866	0.999898	0.0546865	0.999898	0.0546866	0.999898	0.0546866	0.999898	0.0546866	0.999898	0.0546866	0.999898	0.0546866	
